movie,runtime_minutes,genres,averagerating,numvotes,production_budget,domestic_gross,worldwide_gross,net_revenue,ROI%
Don't Be Afraid of the Dark,99.0,"Fantasy,Horror,Thriller",5.6,44490,25000000,24046682,39126427,14126427,0.56505708
Captain Phillips,134.0,"Biography,Drama,Thriller",7.8,387402,55000000,107136417,220648184,165648184,3.0117851636363637
House at the End of the Street,101.0,"Drama,Horror,Thriller",5.6,66303,6900000,31611916,44103982,37203982,5.391881449275362
Machete,105.0,"Action,Crime,Thriller",6.6,182320,12500000,26593646,46370970,33870970,2.7096776
Shanghai,120.0,"Crime,Mystery,Thriller",7.2,9047,50000000,46425,15505922,-34494078,-0.68988156
The Commuter,105.0,"Action,Mystery,Thriller",6.3,83114,40000000,36343858,101985431,61985431,1.549635775
The Lords of Salem,101.0,"Horror,Thriller",5.1,25089,1500000,1165881,1541131,41131,0.027420666666666666
The Expendables,103.0,"Action,Adventure,Thriller",6.5,307897,82000000,103068524,268268174,186268174,2.2715630975609757
The Raven,110.0,"Crime,Mystery,Thriller",6.4,79578,26000000,16008272,30601801,4601801,0.17699234615384615
Venom,112.0,"Action,Sci-Fi,Thriller",6.7,275406,116000000,213511408,853628605,737628605,6.358867284482758
Demonic,83.0,"Horror,Thriller",5.3,12025,3000000,0,4668109,1668109,0.5560363333333334
Jack Reacher,130.0,"Action,Crime,Thriller",7.0,284547,60000000,80070736,217370736,157370736,2.6228456
The Purge,85.0,"Horror,Thriller",5.7,183549,3000000,64473115,91266581,88266581,29.422193666666665
The Equalizer 2,121.0,"Action,Crime,Thriller",6.7,97963,77000000,102084362,190453132,113453132,1.4734172987012988
Shutter Island,138.0,"Mystery,Thriller",8.1,1005960,80000000,128012934,299461782,219461782,2.743272275
Ouija,89.0,"Horror,Mystery,Thriller",4.5,44054,5000000,50856010,103300632,98300632,19.6601264
Out of the Furnace,116.0,"Crime,Drama,Thriller",6.8,99037,22000000,11330849,15434375,-6565625,-0.2984375
The Devil's Double,109.0,"Biography,Drama,Thriller",7.1,58342,19100000,1361512,5965646,-13134354,-0.6876625130890053
A Lonely Place to Die,99.0,"Adventure,Crime,Thriller",6.3,25547,4000000,0,442550,-3557450,-0.8893625
Truth or Dare,100.0,"Horror,Thriller",5.2,33621,3500000,41411015,95127344,91627344,26.179241142857144
Devil,80.0,"Horror,Mystery,Thriller",6.2,122080,10000000,33679655,63354114,53354114,5.3354114
Drive Angry,104.0,"Action,Fantasy,Thriller",5.4,90203,50000000,10721033,41042583,-8957417,-0.17914834
Beyond the Black Rainbow,110.0,"Horror,Sci-Fi,Thriller",6.0,10765,1100000,56491,56491,-1043509,-0.9486445454545455
The Foreigner,113.0,"Action,Thriller",7.0,81288,35000000,34393507,140783360,105783360,3.0223817142857143
The Roommate,91.0,"Drama,Thriller",4.9,33062,16000000,37300107,52545707,36545707,2.2841066875
Super 8,112.0,"Mystery,Sci-Fi,Thriller",7.0,320575,50000000,127004179,257972745,207972745,4.1594549
The Ghost Writer,128.0,"Drama,Mystery,Thriller",7.2,148274,45000000,15541549,65532491,20532491,0.4562775777777778
The Bourne Legacy,135.0,"Action,Adventure,Thriller",6.7,268678,125000000,113203870,280355920,155355920,1.24284736
Limitless,105.0,"Mystery,Sci-Fi,Thriller",7.4,492490,27000000,79249455,155564919,128564919,4.761663666666666
Broken City,109.0,"Crime,Drama,Thriller",6.2,71704,35000000,19701164,34480045,-519955,-0.014855857142857143
Bullet to the Head,92.0,"Action,Crime,Thriller",5.7,44816,55000000,9489829,22597969,-32402031,-0.5891278363636364
Unknown,113.0,"Action,Mystery,Thriller",6.9,235167,40000000,63686397,136123083,96123083,2.403077075
The Apparition,83.0,"Horror,Thriller",4.1,18112,17000000,4936819,10637281,-6362719,-0.3742775882352941
Buried,95.0,"Drama,Mystery,Thriller",7.0,139426,1987650,1044143,21270290,19282640,9.701225064774986
Texas Chainsaw 3D,92.0,"Horror,Thriller",4.8,41784,20000000,34341945,47666013,27666013,1.38330065
The 15:17 to Paris,94.0,"Biography,Drama,Thriller",5.2,21880,30000000,36276286,56096200,26096200,0.8698733333333334
The Dark Knight Rises,164.0,"Action,Thriller",8.4,1387769,275000000,448139099,1084439099,809439099,2.9434149054545453
Paranoia,106.0,"Drama,Thriller",5.7,33149,40000000,7388654,16340767,-23659233,-0.591480825
Haywire,93.0,"Action,Drama,Thriller",5.8,78681,23000000,18942396,36374700,13374700,0.5815086956521739
The Hit List,90.0,"Action,Thriller",5.4,11081,6000000,0,0,-6000000,-1.0
Paranormal Activity 3,83.0,"Horror,Mystery,Thriller",5.8,85689,5000000,104028807,207039844,202039844,40.4079688
Icarus,120.0,"Documentary,Sport,Thriller",7.9,28979,6000000,0,0,-6000000,-1.0
Unstoppable,98.0,"Action,Thriller",6.8,173019,95000000,81562942,165720921,70720921,0.7444307473684211
My Soul to Take,107.0,"Horror,Mystery,Thriller",4.8,18381,25000000,14744435,16727470,-8272530,-0.3309012
Salt,100.0,"Action,Mystery,Thriller",6.4,277204,130000000,118311368,290650494,160650494,1.2357730307692307
Chernobyl Diaries,86.0,"Horror,Mystery,Thriller",5.0,60304,1000000,18119640,42411721,41411721,41.411721
Antiviral,108.0,"Horror,Sci-Fi,Thriller",5.7,11025,3100000,0,123407,-2976593,-0.9601912903225807
Ghost Rider: Spirit of Vengeance,96.0,"Action,Fantasy,Thriller",4.3,103608,57000000,51774002,149217355,92217355,1.6178483333333333
The Boy Next Door,91.0,"Horror,Thriller",4.7,34816,4000000,36006065,53401938,49401938,12.3504845
The East,116.0,"Adventure,Drama,Thriller",6.8,46804,6500000,2274649,3027956,-3472044,-0.5341606153846153
Exeter,91.0,"Horror,Mystery,Thriller",4.5,5156,25000,0,489792,464792,18.59168
The Family,111.0,"Comedy,Crime,Thriller",6.3,102576,30000000,36918811,51078541,21078541,0.7026180333333333
Furious 7,137.0,"Action,Crime,Thriller",7.2,335074,190000000,353007020,1518722794,1328722794,6.9932778631578945
The Debt,113.0,"Drama,Thriller",6.9,61046,20000000,31177548,46604054,26604054,1.3302027
The Last Exorcism,87.0,"Drama,Horror,Thriller",5.6,45815,1800000,41034350,70165900,68365900,37.98105555555556
Deadfall,95.0,"Crime,Drama,Thriller",6.3,36491,6000000,66351,1673635,-4326365,-0.7210608333333334
Triple 9,115.0,"Crime,Thriller",6.3,60369,20000000,12639297,25943792,5943792,0.2971896
The American,105.0,"Crime,Drama,Thriller",6.3,86863,20000000,35606376,67950723,47950723,2.39753615
Martha Marcy May Marlene,102.0,"Drama,Mystery,Thriller",6.9,45873,1000000,2981038,5438911,4438911,4.438911
The Boy,97.0,"Horror,Mystery,Thriller",6.0,68957,10000000,35819556,68220952,58220952,5.8220952
Miss Sloane,132.0,"Drama,Thriller",7.5,52788,18000000,3500605,7719630,-10280370,-0.5711316666666667
Abduction,106.0,"Action,Mystery,Thriller",5.1,72552,35000000,28087155,86648359,51648359,1.4756674
A Good Day to Die Hard,98.0,"Action,Thriller",5.3,188383,92000000,67349198,304249198,212249198,2.3070565
The Calling,108.0,"Drama,Thriller",5.8,7350,2500000,0,0,-2500000,-1.0
The Wall,88.0,"Action,Drama,Thriller",6.2,20391,3000000,1803064,4495262,1495262,0.4984206666666667
The Brass Teapot,101.0,"Comedy,Fantasy,Thriller",6.4,13746,900000,6997,413733,-486267,-0.5402966666666666
Dark Skies,97.0,"Horror,Sci-Fi,Thriller",6.3,65754,3500000,17418667,27704111,24204111,6.9154602857142855
Lucy,89.0,"Action,Sci-Fi,Thriller",6.4,403194,40000000,126573960,457507776,417507776,10.4376944
Life,104.0,"Horror,Sci-Fi,Thriller",6.6,182840,75000000,64062587,73521587,-1478413,-0.019712173333333333
Incarnate,91.0,"Horror,Thriller",5.3,10217,5000000,4799774,9371036,4371036,0.8742072
Unforgettable,100.0,"Drama,Thriller",5.1,11489,18000000,2483790,2483790,-15516210,-0.8620116666666666
Glass,129.0,"Drama,Sci-Fi,Thriller",6.8,133793,20000000,111035005,245303505,225303505,11.26517525
Red Dawn,93.0,"Action,Sci-Fi,Thriller",5.4,69599,65000000,44806783,48164150,-16835850,-0.2590130769230769
Dream House,84.0,"Drama,Mystery,Thriller",6.0,59714,50000000,21302340,41642166,-8357834,-0.16715668
Contagion,106.0,"Action,Drama,Thriller",6.6,201536,60000000,75658097,137551594,77551594,1.2925265666666668
Skin Trade,96.0,"Action,Crime,Thriller",5.7,6942,9000000,1242,1242,-8998758,-0.999862
Safe Haven,115.0,"Drama,Romance,Thriller",6.7,97055,28000000,71399120,94050951,66050951,2.358962535714286
No Escape,103.0,"Action,Thriller",6.8,70222,5000000,27288872,42844516,37844516,7.5689032
Zipper,112.0,"Drama,Thriller",5.8,6120,4500000,0,0,-4500000,-1.0
Jack Reacher: Never Go Back,118.0,"Action,Thriller",6.1,121892,60000000,58697076,159946489,99946489,1.6657748166666666
The Darkness,92.0,"Horror,Thriller",4.4,12435,4000000,10753574,10898293,6898293,1.72457325
Red Sparrow,140.0,"Action,Drama,Thriller",6.6,136738,69000000,46874505,145951861,76951861,1.1152443623188406
Snowden,134.0,"Biography,Drama,Thriller",7.3,119149,50000000,21587519,35380918,-14619082,-0.29238164
The Possession of Hannah Grace,86.0,"Horror,Mystery,Thriller",5.2,11629,6000000,14836174,42785387,36785387,6.130897833333333
The Mechanic,93.0,"Action,Crime,Thriller",6.6,141254,42500000,29121498,76347393,33847393,0.7964092470588235
Trapped,105.0,"Action,Drama,Thriller",7.6,7683,30000000,6916869,6916869,-23083131,-0.7694377
Green Zone,115.0,"Action,Drama,Thriller",6.8,122132,100000000,35497337,97523020,-2476980,-0.0247698
Tinker Tailor Soldier Spy,122.0,"Drama,Mystery,Thriller",7.1,174890,21000000,24149393,81452811,60452811,2.8787052857142856
The Vatican Tapes,91.0,"Horror,Thriller",5.0,14822,13000000,1784763,14929184,1929184,0.14839876923076922
Take Shelter,121.0,"Drama,Horror,Thriller",7.4,83200,4750000,1728953,4972016,222016,0.04674021052631579
Velvet Buzzsaw,113.0,"Horror,Mystery,Thriller",5.7,40213,21000000,0,0,-21000000,-1.0
Mama,100.0,"Horror,Thriller",6.2,158487,15000000,71628180,148095566,133095566,8.873037733333334
Maniac,89.0,"Horror,Thriller",6.1,32534,350000,10000000,10000000,9650000,27.571428571428573
Getaway,90.0,"Action,Crime,Thriller",4.4,22157,18000000,10501938,11813989,-6186011,-0.3436672777777778
31,102.0,"Horror,Thriller",5.1,15055,1500000,779820,922727,-577273,-0.38484866666666667
Rough Night,101.0,"Comedy,Crime,Thriller",5.2,39447,20000000,22105643,46844357,26844357,1.34221785
Skyscraper,102.0,"Action,Adventure,Thriller",5.8,81193,125000000,68420120,304115534,179115534,1.432924272
Acrimony,120.0,"Drama,Romance,Thriller",5.7,6119,20000000,43549096,46627836,26627836,1.3313918
The Belko Experiment,89.0,"Horror,Thriller",6.1,38378,5000000,10166820,11792942,6792942,1.3585884
The Ides of March,101.0,"Drama,Thriller",7.1,207417,23000000,40962534,77735925,54735925,2.3798228260869565
Jack Ryan: Shadow Recruit,105.0,"Action,Drama,Thriller",6.2,114913,60000000,50577412,131377412,71377412,1.1896235333333334
Savages,131.0,"Crime,Drama,Thriller",6.5,115793,45000000,47323100,82513490,37513490,0.8336331111111112
Safe,94.0,"Action,Crime,Thriller",6.5,96388,33000000,17142080,41495213,8495213,0.25743069696969695
Killing Them Softly,97.0,"Crime,Thriller",6.2,124086,15000000,14945541,39238443,24238443,1.6158962
The Circle,110.0,"Drama,Sci-Fi,Thriller",5.3,72536,18000000,20497844,40651864,22651864,1.2584368888888888
The Fate of the Furious,136.0,"Action,Crime,Thriller",6.7,179774,250000000,225764765,1234846267,984846267,3.939385068
Slender Man,93.0,"Horror,Mystery,Thriller",3.2,19650,10000000,30564825,51723644,41723644,4.1723644
"Roman J. Israel, Esq.",122.0,"Crime,Drama,Thriller",6.4,23632,22000000,11962712,12967012,-9032988,-0.41059036363636364
13 Sins,93.0,"Horror,Thriller",6.3,29550,4000000,9134,47552,-3952448,-0.988112
Addicted,106.0,"Drama,Thriller",5.2,7640,5000000,17390770,17499242,12499242,2.4998484
White House Down,131.0,"Action,Drama,Thriller",6.4,191791,150000000,73103784,205440387,55440387,0.36960258
Sinister 2,97.0,"Horror,Mystery,Thriller",5.3,41782,10000000,27740955,54104225,44104225,4.4104225
The Last Exorcism Part II,88.0,"Drama,Horror,Thriller",4.0,15124,4000000,15179303,25448707,21448707,5.36217675
Insidious: The Last Key,103.0,"Horror,Mystery,Thriller",5.7,42154,10000000,67745330,167885588,157885588,15.7885588
The Perfect Host,93.0,"Comedy,Crime,Thriller",6.8,23378,1000000,48764,51587,-948413,-0.948413
Taken 2,92.0,"Action,Thriller",6.3,273106,45000000,139854287,377807404,332807404,7.395720088888889
Kidnap,95.0,"Crime,Drama,Thriller",5.9,28898,21000000,30718107,34836080,13836080,0.6588609523809524
Area 51,91.0,"Horror,Sci-Fi,Thriller",4.2,11537,5000000,7556,7556,-4992444,-0.9984888
The Awakening,102.0,"Horror,Thriller",6.5,60215,4900000,95933,6924321,2024321,0.41312673469387756
3 Days to Kill,117.0,"Action,Drama,Thriller",6.2,81681,28000000,30697999,38959900,10959900,0.391425
Zulu,110.0,"Crime,Drama,Thriller",6.7,16607,16000000,0,1844228,-14155772,-0.88473575
Need for Speed,132.0,"Action,Crime,Thriller",6.5,154909,66000000,43568507,194169619,128169619,1.9419639242424243
Nocturnal Animals,116.0,"Drama,Thriller",7.5,205240,22500000,10663357,32398681,9898681,0.43994137777777775
First Reformed,113.0,"Drama,Mystery,Thriller",7.1,33542,3500000,3448256,3874772,374772,0.10707771428571429
Green Room,95.0,"Horror,Music,Thriller",7.0,90773,5000000,3220371,3807503,-1192497,-0.2384994
Gone Girl,149.0,"Drama,Mystery,Thriller",8.1,761592,61000000,167767189,368567189,307567189,5.042085065573771
The Lincoln Lawyer,118.0,"Crime,Drama,Thriller",7.3,196109,40000000,58009200,87145086,47145086,1.17862715
Premium Rush,91.0,"Action,Crime,Thriller",6.5,105279,35000000,20275446,31393201,-3606799,-0.1030514
Stolen,96.0,"Action,Crime,Thriller",5.5,41313,35000000,289773,17967746,-17032254,-0.48663582857142856
Phantom,98.0,"Drama,History,Thriller",5.9,12786,18000000,1034589,1199510,-16800490,-0.9333605555555555
Phantom,136.0,"Action,Drama,Thriller",5.8,7739,18000000,1034589,1199510,-16800490,-0.9333605555555555
Eye in the Sky,102.0,"Drama,Thriller,War",7.3,72301,13000000,18704596,35402802,22402802,1.7232924615384615
Taken 3,108.0,"Action,Thriller",6.0,165072,48000000,89256424,327656424,279656424,5.8261755
Paranormal Activity: The Marked Ones,84.0,"Horror,Mystery,Thriller",5.0,37147,5000000,32462372,90904854,85904854,17.1809708
The Town,125.0,"Crime,Drama,Thriller",7.6,322524,37000000,92186262,152566881,115566881,3.1234292162162163
Hanna,111.0,"Action,Drama,Thriller",6.8,179178,30000000,40259119,65343694,35343694,1.1781231333333333
The Conjuring,112.0,"Horror,Mystery,Thriller",7.5,397233,20000000,137400141,318000141,298000141,14.90000705
Fast Five,130.0,"Action,Crime,Thriller",7.3,329892,125000000,210031325,630163454,505163454,4.041307632
Colombiana,108.0,"Action,Drama,Thriller",6.4,87659,40000000,36665854,72295262,32295262,0.80738155
Zero Dark Thirty,157.0,"Drama,Thriller",7.4,251072,52500000,95720716,134612435,82112435,1.564046380952381
American Assassin,112.0,"Action,Thriller",6.2,57793,63000000,36249674,68310140,5310140,0.0842879365079365
A Most Wanted Man,122.0,"Crime,Drama,Thriller",6.8,67914,15000000,17237855,36068890,21068890,1.4045926666666666
Paranormal Activity 4,88.0,"Horror,Mystery,Thriller",4.6,58408,5000000,53900335,142817992,137817992,27.5635984
Fifty Shades of Grey,125.0,"Drama,Romance,Thriller",4.1,279126,40000000,166167230,570998101,530998101,13.274952525
Strangerland,112.0,"Drama,Mystery,Thriller",5.2,7999,10000000,17472,161097,-9838903,-0.9838903
Frontera,103.0,"Drama,Thriller,Western",6.6,6861,2300000,59696,59696,-2240304,-0.9740452173913043
The Neon Demon,117.0,"Horror,Thriller",6.2,72359,7500000,1333124,3559803,-3940197,-0.5253596
Banshee Chapter,87.0,"Horror,Sci-Fi,Thriller",5.5,8219,950000,0,78122,-871878,-0.9177663157894737
The Disappointments Room,85.0,"Drama,Horror,Thriller",3.9,8167,15000000,2423467,3503761,-11496239,-0.7664159333333334
Shut In,91.0,"Drama,Mystery,Thriller",4.7,11030,10000000,6900335,11360665,1360665,0.1360665
Room,118.0,"Drama,Thriller",8.2,316791,13000000,14677674,36262783,23262783,1.7894448461538461
Heist,93.0,"Action,Crime,Thriller",6.1,24740,35000000,23483357,28906817,-6093183,-0.17409094285714286
Dhoom 3,172.0,"Action,Thriller",5.4,40466,24000000,8031955,11723620,-12276380,-0.5115158333333333
The Imitation Game,114.0,"Biography,Drama,Thriller",8.0,620834,15000000,91125143,227740463,212740463,14.182697533333334
The November Man,108.0,"Action,Crime,Thriller",6.3,59293,15000000,25018119,34820335,19820335,1.3213556666666666
Annabelle,99.0,"Horror,Mystery,Thriller",5.4,122039,6500000,84273813,256862920,250362920,38.517372307692305
Replicas,107.0,"Drama,Sci-Fi,Thriller",5.4,17336,4000000,0,0,-4000000,-1.0
Sanctum,108.0,"Adventure,Drama,Thriller",5.9,51318,30000000,23209310,108957098,78957098,2.631903266666667
Parker,118.0,"Action,Crime,Thriller",6.2,105529,35000000,17616641,48543388,13543388,0.38695394285714285
The Reluctant Fundamentalist,130.0,"Drama,Thriller",6.9,12511,15000000,528731,528731,-14471269,-0.9647512666666667
The Gambler,111.0,"Crime,Drama,Thriller",6.0,59995,25000000,33680992,38718031,13718031,0.54872124
The Counselor,117.0,"Crime,Drama,Thriller",5.3,92096,25000000,16973715,71009334,46009334,1.84037336
Runner Runner,88.0,"Crime,Thriller",5.6,58235,30000000,19316646,60512680,30512680,1.0170893333333333
London Has Fallen,99.0,"Action,Thriller",5.9,124757,60000000,62524260,195194085,135194085,2.25323475
Nurse 3D,84.0,"Horror,Thriller",4.6,8768,10000000,0,0,-10000000,-1.0
Nightcrawler,117.0,"Crime,Drama,Thriller",7.9,404476,8500000,32381218,50334418,41834418,4.921696235294117
Fifty Shades Freed,105.0,"Drama,Romance,Thriller",4.5,43893,55000000,100407760,371350619,316350619,5.751829436363637
Mile 22,94.0,"Action,Adventure,Thriller",6.1,47862,35000000,36108758,66295121,31295121,0.8941463142857143
Snitch,112.0,"Action,Drama,Thriller",6.5,78142,15000000,42930462,57907734,42907734,2.8605156
Argo,120.0,"Biography,Drama,Thriller",7.7,534683,44500000,136025503,227140757,182640757,4.104286674157303
Jason Bourne,123.0,"Action,Thriller",6.6,190596,120000000,162192920,416168316,296168316,2.4680693
Get Out,104.0,"Horror,Mystery,Thriller",7.7,400474,5000000,176040665,255367951,250367951,50.0735902
Black Swan,108.0,"Drama,Thriller",8.0,648854,13000000,106954678,331266710,318266710,24.482054615384616
Enter Nowhere,90.0,"Mystery,Sci-Fi,Thriller",6.6,7298,500000,0,0,-500000,-1.0
The Collection,82.0,"Action,Horror,Thriller",6.1,42256,10000000,6810754,8890094,-1109906,-0.1109906
Maze Runner: The Scorch Trials,131.0,"Action,Sci-Fi,Thriller",6.3,201143,61000000,81697192,310566162,249566162,4.09124855737705
The Prodigy,92.0,"Horror,Thriller",5.9,11456,6000000,14856291,19789712,13789712,2.2982853333333333
Hush,82.0,"Horror,Thriller",6.6,79100,1000000,0,0,-1000000,-1.0
Happy Death Day,96.0,"Horror,Mystery,Thriller",6.5,87132,5000000,55683845,125010260,120010260,24.002052
Sinister,110.0,"Horror,Mystery,Thriller",6.8,198345,3000000,48086903,87727807,84727807,28.242602333333334
Alien: Covenant,122.0,"Horror,Sci-Fi,Thriller",6.4,226920,97000000,74262031,238521247,141521247,1.4589819278350515
Blue Ruin,90.0,"Crime,Drama,Thriller",7.1,58811,420000,258384,437002,17002,0.04048095238095238
Deliver Us from Evil,118.0,"Horror,Mystery,Thriller",6.2,63793,30000000,30577122,87956618,57956618,1.9318872666666667
John Wick,101.0,"Action,Crime,Thriller",7.4,449942,30000000,43037835,76235001,46235001,1.5411667
The A-Team,117.0,"Action,Adventure,Thriller",6.8,235256,110000000,77222099,177241171,67241171,0.6112833727272727
The Gallows,81.0,"Horror,Mystery,Thriller",4.2,17763,100000,22764410,41656474,41556474,415.56474
Spectre,148.0,"Action,Adventure,Thriller",6.8,352504,300000000,200074175,879620923,579620923,1.9320697433333334
I Spit on Your Grave,108.0,"Horror,Thriller",6.3,68592,1750000,93051,1278471,-471529,-0.2694451428571429
Evil Dead,91.0,"Fantasy,Horror,Thriller",6.5,146399,17000000,54239856,97778356,80778356,4.751668
Gravity,91.0,"Drama,Sci-Fi,Thriller",7.7,710018,110000000,274092705,693698673,583698673,5.306351572727273
The Last Stand,107.0,"Action,Thriller",6.4,126623,30000000,12050299,48330757,18330757,0.6110252333333334
Chronicle,84.0,"Drama,Sci-Fi,Thriller",7.1,229258,12000000,64575175,123681790,111681790,9.306815833333333
The Gift,108.0,"Drama,Mystery,Thriller",7.1,123834,10000000,12008642,44567606,34567606,3.4567606
Robin Hood,116.0,"Action,Adventure,Thriller",5.3,41588,210000000,105487148,322459006,112459006,0.5355190761904762
The Crazies,101.0,"Horror,Thriller",6.5,104465,19000000,39123589,56445534,37445534,1.9708175789473685
Sin City: A Dame to Kill For,102.0,"Crime,Thriller",6.5,140666,65000000,13757804,40650842,-24349158,-0.3746024307692308
The Adjustment Bureau,106.0,"Romance,Sci-Fi,Thriller",7.1,227616,50200000,62495645,126931325,76731325,1.5285124501992031
Widows,129.0,"Crime,Drama,Thriller",7.0,61615,40000000,42402632,73866088,33866088,0.8466522
Annabelle: Creation,109.0,"Horror,Mystery,Thriller",6.5,90402,15000000,102092201,305384865,290384865,19.358991
The Possession,92.0,"Horror,Mystery,Thriller",5.9,53649,14000000,49130588,82925064,68925064,4.9232188571428575
The Mule,116.0,"Crime,Drama,Thriller",7.1,58955,50000000,103804407,170857676,120857676,2.41715352
Money Monster,98.0,"Crime,Drama,Thriller",6.5,86607,27000000,41012075,93466095,66466095,2.461707222222222
Homefront,100.0,"Action,Thriller",6.5,98549,22000000,20158492,51695362,29695362,1.3497891818181817
Takers,107.0,"Action,Crime,Thriller",6.2,53377,32000000,57744720,70587268,38587268,1.205852125
Monsters,94.0,"Drama,Sci-Fi,Thriller",6.4,84332,500000,237301,5639730,5139730,10.27946
The Expendables 2,103.0,"Action,Adventure,Thriller",6.6,277584,100000000,85028192,311979256,211979256,2.11979256
Skyfall,143.0,"Action,Adventure,Thriller",7.8,592221,200000000,304360277,1110526981,910526981,4.552634905
The Tourist,103.0,"Action,Adventure,Thriller",6.0,206714,100000000,67631157,278731369,178731369,1.78731369
Anonymous,130.0,"Drama,Thriller",6.9,37932,27500000,4463292,15815509,-11684491,-0.42489058181818185
Lockout,95.0,"Action,Sci-Fi,Thriller",6.1,89554,20000000,14326865,33943049,13943049,0.69715245
Knock Knock,99.0,"Drama,Thriller",4.9,68328,2000000,36336,6328516,4328516,2.164258
Captive State,109.0,"Sci-Fi,Thriller",6.9,28780,25000000,5958315,8993300,-16006700,-0.640268
Blackhat,133.0,"Action,Crime,Thriller",5.4,48427,70000000,8005980,19665004,-50334996,-0.7190713714285715
Fair Game,108.0,"Biography,Drama,Thriller",6.8,43862,50000000,11497497,26097497,-23902503,-0.47805006
Poltergeist,93.0,"Horror,Thriller",4.9,51538,35000000,47425125,95713069,60713069,1.7346591142857142
xXx: Return of Xander Cage,107.0,"Action,Adventure,Thriller",5.2,77976,85000000,44898413,345033359,260033359,3.059215988235294
It,135.0,"Horror,Thriller",7.4,359123,35000000,327481748,697457969,662457969,18.927370542857144
Killer Elite,116.0,"Action,Crime,Thriller",6.5,117711,70000000,25124986,65409046,-4590954,-0.06558505714285714
Insidious,103.0,"Horror,Mystery,Thriller",6.9,254197,1500000,54009150,99870886,98370886,65.58059066666667
Trespass,91.0,"Crime,Drama,Thriller",5.3,39404,35000000,16816,786532,-34213468,-0.9775276571428572
Criminal Activities,94.0,"Crime,Drama,Thriller",5.8,7739,7000000,0,386744,-6613256,-0.9447508571428571
The Shallows,86.0,"Drama,Horror,Thriller",6.3,106927,13000000,55121623,118763442,105763442,8.135649384615384
Ca$h,108.0,"Crime,Thriller",6.0,8605,13700000,0,11738256,-1961744,-0.14319299270072994
The Cold Light of Day,93.0,"Action,Thriller",4.9,33039,20000000,3763583,25361206,5361206,0.2680603
The Guard,96.0,"Comedy,Crime,Thriller",7.3,75183,6000000,5359774,21197454,15197454,2.532909
The Fifth Estate,128.0,"Biography,Drama,Thriller",6.2,36392,26000000,3254172,6154172,-19845828,-0.7633010769230769
Run All Night,114.0,"Action,Drama,Thriller",6.6,94131,50000000,26461644,66961644,16961644,0.33923288
The Canyons,99.0,"Drama,Thriller",3.8,9838,250000,59671,62375,-187625,-0.7505
Mechanic: Resurrection,98.0,"Action,Adventure,Thriller",5.7,67275,40000000,21218403,109738840,69738840,1.743471
Olympus Has Fallen,119.0,"Action,Thriller",6.5,235443,70000000,98927592,172878928,102878928,1.4696989714285715
Atomic Blonde,115.0,"Action,Mystery,Thriller",6.7,150407,30000000,51573925,98345423,68345423,2.2781807666666665
The Forest,93.0,"Horror,Mystery,Thriller",4.8,36423,10000000,26594261,40749230,30749230,3.074923
Pound of Flesh,104.0,"Action,Thriller",5.2,5511,7500000,0,0,-7500000,-1.0
Brighton Rock,111.0,"Crime,Drama,Thriller",5.7,5784,11000000,229653,229653,-10770347,-0.9791224545454545
Dying of the Light,94.0,"Drama,Thriller",4.4,8888,5000000,0,74639,-4925361,-0.9850722
The Impossible,114.0,"Drama,History,Thriller",7.6,177762,40000000,19019882,169590606,129590606,3.23976515
Now You See Me,115.0,"Crime,Mystery,Thriller",7.3,553156,75000000,117723989,342769200,267769200,3.570256
The Place Beyond the Pines,140.0,"Crime,Drama,Thriller",7.3,226765,15000000,21403519,47011449,32011449,2.1340966
Bridge of Spies,142.0,"Drama,History,Thriller",7.6,263004,40000000,72313754,162498338,122498338,3.06245845
Pet Sematary,101.0,"Horror,Mystery,Thriller",6.0,34472,21000000,54724696,109501146,88501146,4.214340285714286
Collide,99.0,"Action,Crime,Thriller",5.7,13288,29200000,2280004,5466698,-23733302,-0.8127843150684931
Paranormal Activity: The Ghost Dimension,88.0,"Horror,Mystery,Thriller",4.6,22361,10000000,18297124,77959374,67959374,6.7959374
Devil's Due,89.0,"Horror,Mystery,Thriller",4.1,15502,7000000,15821461,36146087,29146087,4.163726714285715
Survivor,96.0,"Action,Crime,Thriller",5.6,28614,20000000,0,1703281,-18296719,-0.91483595
The Visit,94.0,"Horror,Mystery,Thriller",6.2,102459,5000000,65206105,98677816,93677816,18.7355632
Upgrade,100.0,"Action,Sci-Fi,Thriller",7.6,104978,3000000,11977130,16553285,13553285,4.517761666666667
The Equalizer,132.0,"Action,Crime,Thriller",7.2,302302,55000000,101530738,192903624,137903624,2.507338618181818
Flight,138.0,"Drama,Thriller",7.3,303009,31000000,93772375,160558438,129558438,4.179304451612904
A Most Violent Year,125.0,"Crime,Drama,Thriller",7.0,60165,20000000,5749134,8846875,-11153125,-0.55765625
Coriolanus,123.0,"Drama,Thriller,War",6.1,29654,10000000,749641,2179623,-7820377,-0.7820377
Halloween,106.0,"Horror,Thriller",6.6,88395,15000000,58269151,77514401,62514401,4.167626733333333
Skyline,92.0,"Action,Sci-Fi,Thriller",4.4,83710,10000000,21416355,68264973,58264973,5.8264973
Margin Call,107.0,"Drama,Thriller",7.1,107264,3400000,5353586,20433227,17033227,5.009772647058823
Shark Night 3D,90.0,"Horror,Thriller",4.0,23190,25000000,18877153,18877153,-6122847,-0.24491388
Stoker,99.0,"Drama,Thriller",6.8,97393,12000000,1703125,12034913,34913,0.0029094166666666665
Killer Joe,102.0,"Crime,Drama,Thriller",6.7,67842,10000000,1291645,4659110,-5340890,-0.534089
Unfriended,83.0,"Horror,Mystery,Thriller",5.6,62043,1000000,32789645,64364198,63364198,63.364198
Stone,105.0,"Drama,Thriller",5.4,38667,22000000,1810078,4065020,-17934980,-0.8152263636363636
Split,117.0,"Horror,Thriller",7.3,358543,5000000,138141585,278964806,273964806,54.7929612
Straw Dogs,110.0,"Action,Drama,Thriller",5.8,30924,25000000,10324441,11253821,-13746179,-0.54984716
Miss Bala,113.0,"Crime,Drama,Thriller",6.5,8092,15000000,14998027,15362298,362298,0.0241532
Black Rock,83.0,"Horror,Thriller",4.8,7596,1000000,0,0,-1000000,-1.0
Non-Stop,106.0,"Action,Mystery,Thriller",7.0,234717,50000000,91742160,222383055,172383055,3.4476611
Us,116.0,"Horror,Mystery,Thriller",7.1,102511,20000000,175006930,254210310,234210310,11.7105155
The Prince,93.0,"Action,Thriller",4.6,16048,18000000,0,0,-18000000,-1.0
We Need to Talk About Kevin,112.0,"Drama,Mystery,Thriller",7.5,123619,7000000,1738692,10765283,3765283,0.5378975714285714
Trust,106.0,"Crime,Drama,Thriller",6.9,39422,4000000,120016,120016,-3879984,-0.969996
Blair Witch,89.0,"Horror,Mystery,Thriller",5.0,36867,10000000,20777061,38985577,28985577,2.8985577
Arbitrage,107.0,"Drama,Thriller",6.6,46774,12000000,7919574,35830713,23830713,1.98589275
Cop Car,88.0,"Crime,Thriller",6.3,27081,5000000,134552,143658,-4856342,-0.9712684
Freaky Deaky,90.0,"Comedy,Crime,Thriller",6.1,6088,6000000,0,0,-6000000,-1.0
Geostorm,109.0,"Action,Sci-Fi,Thriller",5.3,78287,100000000,33700160,220796009,120796009,1.20796009
The Expendables 3,126.0,"Action,Adventure,Thriller",6.1,156432,100000000,39322544,209461378,109461378,1.09461378
Friend Request,92.0,"Horror,Thriller",5.3,21704,9900000,3759078,11310835,1410835,0.14250858585858586
